0
0
0
0
1
2
2
1
0
-2
-6
-10
-13
-14
-13
-8
0
10
21
31
37
38
32
19
0
-22
-44
-63
-73
-73
-59
-34
0
39
76
106
121
118
95
54
0
-60
-116
-160
-181
-175
-140
-79
0
85
165
224
252
242
192
108
0
-116
-221
-299
-335
-320
-253
-141
0
150
286
385
429
408
321
179
0
-189
-358
-481
-534
-506
-398
-220
0
231
438
587
650
615
481
266
0
-278
-526
-702
-777
-733
-573
-316
0
329
621
827
913
860
671
370
0
-384
-723
-962
-1060
-997
-776
-427
0
442
831
1105
1216
1142
888
488
0
-504
-946
-1256
-1381
-1295
-1006
-553
0
569
1068
1416
1555
1457
1131
620
0
-638
-1195
-1583
-1737
-1626
-1261
-691
0
709
1328
1758
1927
1802
1397
765
0
-784
-1467
-1939
-2124
-1986
-1538
-841
0
861
1610
2127
2329
2175
1683
921
0
-941
-1758
-2321
-2540
-2371
-1833
-1002
0
1023
1910
2521
2756
2572
1988
1086
0
-1107
-2066
-2726
-2978
-2777
-2146
-1172
0
1193
2226
2935
3206
2988
2307
1259
0
-1281
-2389
-3148
-3437
-3202
-2471
-1348
0
1371
2555
3365
3672
3420
2638
1439
0
-1461
-2723
-3585
-3910
-3640
-2807
-1530
0
1553
2893
3807
4151
3863
2978
1623
0
-1646
-3064
-4031
-4394
-4088
-3150
-1716
0
1739
3237
4257
4639
4314
3323
1810
0
-1833
-3410
-4484
-4884
-4540
-3497
-1904
0
1927
3584
4711
5130
4767
3671
1998
0
-2021
-3757
-4937
-5375
-4994
-3844
-2091
0
2115
3930
5163
5620
5220
4017
2185
0
-2208
-4103
-5388
-5863
-5444
-4188
-2277
0
2300
4273
5611
6104
5666
4358
2369
0
-2392
-4442
-5831
-6342
-5886
-4526
-2460
0
2482
4609
6049
6577
6102
4691
2549
0
-2571
-4773
-6263
-6808
-6315
-4854
-2637
0
2659
4934
6473
7035
6524
5014
2723
0
-2744
-5092
-6678
-7256
-6729
-5170
-2807
0
2828
5246
6879
7473
6928
5322
2889
0
-2909
-5396
-7074
-7683
-7122
-5469
-2969
0
2988
5541
7263
7887
7309
5612
3046
0
-3065
-5682
-7446
-8084
-7490
-5750
-3120
0
3138
5817
7622
8274
7665
5883
3192
0
-3209
-5947
-7791
-8455
-7832
-6010
-3260
0
3277
6071
7952
8629
7991
6131
3325
0
-3341
-6189
-8105
-8793
-8142
-6246
-3387
0
3402
6301
8249
8949
8284
6354
3445
0
-3459
-6405
-8385
-9095
-8418
-6455
-3499
0
3512
6503
8512
9230
8542
6550
3550
0
-3562
-6594
-8629
-9356
-8657
-6637
-3596
0
3607
6677
8737
9471
8762
6716
3639
0
-3649
-6753
-8835
-9576
-8858
-6788
-3677
0
3686
6821
8922
9669
8943
6852
3711
0
-3719
-6881
-8999
-9751
-9017
-6908
-3741
0
3748
6933
9066
9822
9081
6956
3767
0
-3772
-6977
-9122
-9881
-9134
-6996
-3788
0
3792
7013
9167
9928
9176
7027
3804
0
-3807
-7040
-9201
-9964
-9208
-7050
-3816
0
3818
7058
9224
9987
9228
7064
3823
0
-3824
-7068
-9236
-9998
-9237
-7070
-3825
0
3825
7070
9236
9998
9235
7068
3823
0
-3822
-7063
-9226
-9985
-9222
-7056
-3817
0
3814
7048
9204
9960
9197
7037
3806
0
-3802
-7024
-9172
-9923
-9162
-7009
-3790
0
3785
6991
9128
9874
9116
6972
3769
0
-3764
-6951
-9074
-9814
-9058
-6927
-3745
0
3738
6902
9008
9742
8990
6874
3715
0
-3707
-6845
-8932
-9658
-8912
-6813
-3682
0
3673
6780
8846
9563
8823
6744
3644
0
-3634
-6707
-8750
-9458
-8724
-6667
-3602
0
3591
6626
8643
9341
8615
6583
3556
0
-3544
-6538
-8527
-9214
-8497
-6492
-3506
0
3493
6443
8401
9077
8369
6393
3452
0
-3438
-6341
-8267
-8930
-8232
-6287
-3394
0
3379
6232
8123
8773
8086
6175
3333
0
-3317
-6116
-7971
-8608
-7932
-6056
-3268
0
3252
5994
7811
8433
7770
5931
3200
0
-3183
-5867
-7643
-8251
-7600
-5801
-3129
0
3111
5733
7468
8060
7423
5665
3055
0
-3036
-5595
-7286
-7862
-7240
-5523
-2979
0
2959
5451
7098
7657
7050
5377
2899
0
-2879
-5303
-6903
-7446
-6854
-5227
-2818
0
2797
5150
6703
7229
6653
5072
2734
0
-2713
-4994
-6499
-7007
-6447
-4914
-2648
0
2626
4834
6289
6779
6236
4753
2560
0
-2538
-4671
-6075
-6548
-6022
-4588
-2471
0
2449
4505
5858
6312
5804
4421
2381
0
-2358
-4337
-5638
-6074
-5583
-4252
-2289
0
2266
4167
5416
5832
5360
4081
2196
0
-2173
-3995
-5192
-5589
-5135
-3909
-2103
0
2080
3822
4966
5345
4909
3736
2009
0
-1986
-3649
-4739
-5099
-4682
-3562
-1915
0
1892
3475
4512
4854
4455
3388
1821
0
-1798
-3302
-4285
-4608
-4229
-3215
-1728
0
1704
3129
4060
4364
4003
3043
1634
0
-1611
-2957
-3835
-4121
-3779
-2871
-1542
0
1519
2786
3612
3880
3557
2701
1450
0
-1427
-2617
-3392
-3642
-3338
-2534
-1359
0
1337
2451
3175
3408
3121
2368
1270
0
-1248
-2287
-2961
-3177
-2908
-2206
-1182
0
1161
2126
2751
2950
2700
2047
1096
0
-1075
-1968
-2546
-2729
-2496
-1891
-1012
0
992
1814
2346
2513
2297
1739
931
0
-911
-1665
-2151
-2303
-2103
-1592
-851
0
832
1520
1962
2099
1916
1449
774
0
-756
-1379
-1780
-1903
-1735
-1311
-700
0
682
1244
1604
1714
1562
1179
629
0
-612
-1115
-1436
-1532
-1395
-1052
-561
0
544
991
1276
1360
1237
932
496
0
-480
-874
-1123
-1196
-1086
-817
-435
0
420
763
979
1041
944
710
377
0
-363
-658
-844
-896
-811
-609
-323
0
310
561
717
760
687
515
272
0
-260
-470
-601
-635
-573
-428
-226
0
215
388
494
521
468
349
184
0
-174
-312
-397
-417
-374
-278
-145
0
137
245
310
324
289
214
112
0
-104
-185
-233
-243
-216
-158
-82
0
75
134
167
173
152
111
57
0
-51
-90
-112
-115
-100
-72
-36
0
32
55
68
68
58
41
20
0
-17
-29
-34
-34
-28
-19
-9
0
7
11
12
11
8
5
2
0
-1
-1
-1
0
0
0
0
