2.598396
1.379772
1.425835
1.500182
1.322893
0.890488
0.706127
0.899272
0.891401
0.127563
-0.175846
-0.255902
-0.357229
-0.434624
-0.376757
-0.113725
0.352735
0.239384
-0.626866
-0.908808
-0.356734
-0.700892
-0.512905
-0.495157
-0.929798
-1.089105
-1.206273
-1.300854
-1.256020
-1.236546
2.599331
1.383972
1.468171
1.522826
1.295050
0.871642
0.727715
0.923074
0.898888
0.144470
-0.068958
-0.259076
-0.341982
-0.441068
-0.279703
-0.160166
0.300376
0.160867
-0.592643
-0.855996
-0.442275
-0.716415
-0.617343
-0.607997
-0.972605
-0.996718
-1.161793
-1.275801
-1.289902
-1.215944
2.421280
1.489481
1.484320
1.484197
1.272403
0.837265
0.676742
0.996254
0.741126
0.215625
-0.097971
-0.140120
-0.200348
-0.358972
-0.443036
-0.133662
0.414940
0.351998
-0.603334
-0.873188
-0.436326
-0.657892
-0.554765
-0.550121
-0.950645
-1.175504
-1.240070
-1.345513
-1.335964
-1.288197
2.379114
1.468951
1.488317
1.515781
1.314036
0.852354
0.740494
0.912430
0.814214
0.060477
-0.107267
-0.114886
-0.198850
-0.241513
-0.261976
0.000942
0.449558
0.312480
-0.643412
-0.997703
-0.516491
-0.729886
-0.680498
-0.694386
-1.021003
-1.053186
-1.240156
-1.286322
-1.260468
-1.261141
2.369500
1.470702
1.494377
1.515893
1.273332
0.886768
0.730955
0.949994
0.734301
0.141057
-0.106930
-0.159504
-0.263915
-0.332737
-0.299424
-0.040079
0.463151
0.316964
-0.612883
-0.867935
-0.431388
-0.698749
-0.580292
-0.565759
-0.977269
-1.136961
-1.265821
-1.310536
-1.359168
-1.337646
2.408420
1.414696
1.419389
1.508787
1.313837
0.890342
0.747007
0.927902
0.713337
0.189281
-0.145870
-0.161247
-0.210156
-0.354195
-0.252241
-0.047129
0.492146
0.333801
-0.594699
-0.884793
-0.422120
-0.650050
-0.600291
-0.618787
-0.929670
-1.172465
-1.298980
-1.349058
-1.380080
-1.287118
2.476118
1.422056
1.406505
1.485858
1.289964
0.842152
0.725076
0.891010
0.710242
0.121511
-0.145222
-0.095813
-0.241334
-0.312524
-0.251219
-0.016784
0.492510
0.330045
-0.609198
-0.870954
-0.374229
-0.649505
-0.523691
-0.559974
-1.010350
-1.216413
-1.293464
-1.349322
-1.311853
-1.361195
2.472976
1.405923
1.417248
1.505694
1.289679
0.867982
0.721316
0.858987
0.685940
0.137084
-0.104240
-0.166484
-0.259887
-0.374320
-0.235841
-0.000027
0.539114
0.363261
-0.630988
-1.013972
-0.391812
-0.667797
-0.533461
-0.535061
-0.934675
-1.120584
-1.272252
-1.324213
-1.376707
-1.322877
2.402772
1.424413
1.415204
1.512235
1.314508
0.847696
0.707140
0.892093
0.703889
0.129502
-0.110391
-0.170215
-0.217784
-0.263704
-0.218007
0.019989
0.515483
0.378937
-0.667508
-0.901051
-0.489360
-0.632118
-0.519686
-0.555543
-0.993069
-1.104700
-1.289662
-1.428408
-1.367655
-1.334994
2.378819
1.457979
1.463948
1.511892
1.296094
0.821794
0.742857
0.912291
0.692456
0.076327
-0.149047
-0.195211
-0.156253
-0.218903
-0.170900
0.075179
0.504764
0.317438
-0.688665
-0.979817
-0.532768
-0.725442
-0.518842
-0.530745
-0.936106
-1.137075
-1.226088
-1.300162
-1.383021
-1.402791
2.433926
1.612544
1.539433
1.507246
1.255180
0.888490
0.748737
1.030143
0.561835
-0.093177
-0.241935
-0.199341
-0.206108
-0.406319
-0.258215
-0.057109
0.430053
0.327513
-0.721230
-1.001266
-0.634437
-0.676305
-0.466719
-0.490085
-0.964772
-0.968931
-1.116544
-1.265336
-1.311709
-1.255561
2.441983
1.616884
1.583516
1.531697
1.212582
0.902464
0.798361
1.002611
0.588486
-0.121460
-0.314700
-0.135432
-0.164406
-0.273455
-0.277669
-0.102081
0.362913
0.308713
-0.601138
-1.004088
-0.612897
-0.710996
-0.630108
-0.693568
-1.062452
-0.850739
-1.096719
-1.279433
-1.213706
-1.205163
2.439532
1.497766
1.586283
1.545614
1.253256
0.925654
0.822601
0.862193
0.593402
-0.040223
-0.174763
-0.250498
-0.245091
-0.350183
-0.268957
-0.005332
0.446372
0.388994
-0.653229
-0.943459
-0.498289
-0.685496
-0.648883
-0.711131
-1.054983
-0.866283
-1.149976
-1.249018
-1.296919
-1.268947
2.248622
1.618002
1.539510
1.557315
1.359103
0.940134
0.814656
1.083356
0.450767
0.038218
-0.158417
-0.088908
-0.208642
-0.316804
-0.292359
-0.017592
0.384115
0.331594
-0.639659
-1.041591
-0.626847
-0.757160
-0.759206
-0.797265
-0.988942
-0.802213
-1.151026
-1.247946
-1.301206
-1.169606
2.244571
1.629251
1.600765
1.578061
1.285742
0.944411
0.867567
1.072615
0.559327
-0.098895
-0.206320
0.007258
-0.127161
-0.263202
-0.236936
-0.013472
0.267521
0.180861
-0.645840
-0.960299
-0.622917
-0.795860
-0.825840
-0.899048
-0.976530
-0.741858
-1.092375
-1.216928
-1.306074
-1.208388
2.078212
1.658849
1.631834
1.605943
1.282111
0.917516
0.867757
1.118608
0.605165
-0.154907
-0.245591
-0.121835
-0.194403
-0.283714
-0.298644
-0.063156
0.428098
0.374025
-0.684397
-1.024257
-0.574446
-0.796733
-0.692452
-0.838050
-0.894662
-0.716642
-1.192682
-1.314159
-1.261460
-1.215931
2.042679
1.614100
1.695186
1.697202
1.396610
1.007069
0.931960
0.780537
0.771772
-0.248491
-0.410887
-0.174703
-0.207707
-0.324749
-0.299981
-0.093725
0.369096
0.352390
-0.607085
-0.953951
-0.520665
-0.684645
-0.747301
-0.844594
-0.904575
-0.727697
-1.214221
-1.224421
-1.256537
-1.212661
1.917795
1.648570
1.616918
1.649708
1.413889
0.973147
0.876358
1.043882
0.576041
-0.097795
-0.329645
-0.193401
-0.231308
-0.318119
-0.225557
-0.014529
0.521965
0.433933
-0.523716
-1.027802
-0.561137
-0.704141
-0.788885
-0.861686
-1.049327
-0.872364
-1.169978
-1.243306
-1.268415
-1.191093
2.102632
1.624495
1.618504
1.614330
1.337127
0.954096
0.866795
1.020793
0.698929
-0.076195
-0.331323
-0.223515
-0.208187
-0.304270
-0.302319
-0.082215
0.462687
0.374638
-0.697019
-1.039159
-0.550773
-0.743682
-0.749275
-0.818190
-0.940586
-0.777975
-1.174232
-1.201789
-1.261492
-1.192829
2.122837
1.610032
1.645295
1.615525
1.366130
0.996224
0.882225
0.921871
0.784088
-0.003086
-0.262547
-0.335734
-0.323671
-0.331125
-0.284032
-0.038718
0.444594
0.370733
-0.791071
-0.976572
-0.659546
-0.802633
-0.858426
-0.953859
-0.930458
-0.805784
-1.050678
-1.129900
-1.099254
-1.122455
2.072239
1.639757
1.724594
1.650320
1.357776
1.032957
0.895558
0.968255
0.749612
-0.040995
-0.296327
-0.259804
-0.265279
-0.408647
-0.361765
-0.096905
0.306174
0.238125
-0.641224
-0.996051
-0.551570
-0.747258
-0.812420
-0.926143
-0.993025
-0.702162
-1.031062
-1.157755
-1.144327
-1.202638
1.879973
1.676669
1.675739
1.683915
1.455937
1.037541
0.938154
0.913222
0.837054
-0.004935
-0.295240
-0.196953
-0.307807
-0.337363
-0.517236
-0.267728
0.365127
0.336657
-0.655344
-0.916249
-0.597070
-0.661893
-0.734792
-0.860477
-0.936220
-0.723958
-1.168518
-1.192289
-1.264496
-1.161411
1.928815
1.675115
1.726482
1.719991
1.458153
1.019040
0.902627
0.973233
0.780066
-0.208154
-0.220984
-0.163613
-0.159470
-0.391431
-0.359970
-0.178616
0.274772
0.213689
-0.733043
-0.930243
-0.673159
-0.840749
-0.795255
-0.870321
-0.906727
-0.703129
-1.121499
-1.182454
-1.099035
-1.134121
1.894772
1.665830
1.732803
1.670826
1.401051
0.984454
0.895311
0.995621
0.739895
-0.051102
-0.299632
-0.329219
-0.352877
-0.369707
-0.426813
-0.107364
0.503673
0.404756
-0.721224
-0.977031
-0.593092
-0.683163
-0.748619
-0.872049
-0.964138
-0.764356
-1.079117
-1.184399
-1.220888
-1.144202
1.918086
1.618018
1.654216
1.629796
1.399253
0.988462
0.904161
0.867815
0.819954
-0.121476
-0.371054
-0.234963
-0.276930
-0.396173
-0.375795
-0.110158
0.597595
0.490007
-0.581701
-0.891966
-0.381836
-0.665703
-0.866534
-1.010497
-1.007728
-0.771768
-1.110475
-1.193167
-1.303539
-1.215905
2.224886
1.520254
1.566136
1.621117
1.429556
0.947606
0.915221
0.963937
0.854462
-0.034199
-0.325258
-0.232487
-0.336566
-0.449087
-0.415305
-0.175838
0.433790
0.269603
-0.716891
-0.914184
-0.507734
-0.723631
-0.589489
-0.777036
-1.005537
-0.948184
-1.110888
-1.099267
-1.186319
-1.198667
2.256291
1.574948
1.509659
1.613333
1.434765
0.966632
0.826210
1.045764
0.600810
0.035716
-0.249862
-0.163860
-0.217770
-0.336219
-0.377678
-0.098682
0.423727
0.264214
-0.732652
-1.038708
-0.615590
-0.743098
-0.720528
-0.849370
-0.966095
-0.793545
-1.072838
-1.205797
-1.168743
-1.201019
2.218995
1.653081
1.482748
1.623322
1.477504
0.971315
0.857392
1.096441
0.637511
-0.028006
-0.176980
-0.170136
-0.371361
-0.343305
-0.395073
-0.171539
0.353936
0.191723
-0.710580
-0.900013
-0.632373
-0.733592
-0.698677
-0.890949
-0.998688
-0.760996
-1.040448
-1.166378
-1.206046
-1.168821
2.204616
1.751800
1.637995
1.675097
1.476332
0.952398
0.879124
1.105327
0.426896
-0.001653
-0.259740
-0.220644
-0.426173
-0.357312
-0.422672
-0.244803
0.257786
0.055021
-0.725042
-0.765507
-0.472405
-0.722892
-0.768260
-0.895375
-1.066844
-0.827885
-1.019798
-1.128116
-1.042253
-1.055018
2.167845
1.868033
1.753389
1.702042
1.453262
0.877592
0.809744
0.953424
0.616558
0.104462
-0.211835
-0.203401
-0.377609
-0.446550
-0.566542
-0.303740
0.211091
-0.098062
-0.760944
-0.748741
-0.561781
-0.859387
-0.729777
-0.901073
-0.911431
-0.763415
-0.963903
-1.029460
-1.075525
-1.004262
2.174497
1.940738
1.713083
1.589064
1.492023
0.685408
0.564067
1.101075
0.881938
0.017718
-0.325326
-0.284711
-0.364732
-0.548629
-0.740193
-0.255527
0.261978
0.155421
-0.690568
-0.942266
-0.594264
-0.709381
-0.645622
-0.781306
-0.892920
-0.776881
-0.968574
-1.052391
-1.077590
-0.926121
2.222352
1.987464
1.497634
1.390022
1.358629
0.739062
0.700345
1.238785
1.086603
0.306786
-0.205188
-0.458045
-0.502658
-0.567635
-0.468140
-0.421489
0.254773
0.078585
-0.727355
-0.969976
-0.625414
-0.722862
-0.725044
-0.804770
-0.802039
-0.844794
-1.019173
-1.019361
-1.028875
-0.948215
