837852.187500
882866.187500
1041032.437500
1412447.000000
2362102.000000
5922825.000000
63167064.000000
24869608.000000
3144817.750000
1085062.875000
521514.500000
297293.500000
188324.453125
128251.859375
92098.109375
68909.492187
53220.277343
42220.949218
34242.343750
28261.757812
23711.697265
20154.890625
17341.332031
15069.307617
13219.867187
11686.590820
10409.435546
9330.650390
8413.863281
7625.649414
6945.358398
6354.107421
5835.457519
5379.861816
4973.688476
4615.783203
4294.897460
4008.322265
3751.848144
3514.243652
3303.590576
3116.984375
2936.431396
2776.082519
2624.286132
2490.641113
2362.913085
2249.208984
2138.680175
2042.147827
1946.675048
1864.069458
1769.934082
1703.841674
1644.043579
1570.488769
1511.786865
1450.087524
1396.459106
1343.633300
1295.777832
1248.404296
1204.710205
1162.907470
25909882.000000
1089.104370
1052.321044
1018.135498
987.102294
956.581726
927.497680
899.923217
873.881103
848.658996
823.979675
801.824890
779.531311
758.658325
737.696350
718.555053
700.208190
682.122558
666.202880
648.739257
632.602050
617.232421
603.176208
588.480224
575.002258
561.523437
549.531677
537.376281
525.346984
513.975830
503.758728
493.354675
483.198852
473.373413
467.592102
449.886413
439.786651
434.370056
424.517211
417.422790
408.720275
401.999023
393.411529
386.893066
379.602386
372.468292
365.805114
359.302856
352.968994
346.739715
341.055633
334.678955
329.546661
323.353881
318.765075
312.763275
308.217773
300.909759
299.193725
295.074218
288.404205
286.426696
279.910034
276.622100
271.331237
267.570190
263.304870
260.047424
255.162933
252.135879
248.260894
245.129486
241.404281
238.153015
234.772949
231.700286
228.592163
225.469116
223.087936
219.034271
216.186431
213.794296
211.134078
207.666229
205.467224
202.829772
200.508697
197.863113
195.056976
192.843185
190.600494
188.148574
186.000442
184.084457
181.519348
179.473068
176.983139
175.387786
173.262603
171.460571
168.902542
167.730285
165.694397
164.291748
160.305435
161.216690
160.226364
156.619186
156.476943
153.088165
152.045227
150.249969
149.126678
146.777313
145.421508
144.884979
144.080947
141.125381
139.569335
137.917282
137.268875
136.034774
134.542923
133.081542
131.633880
130.615646
129.647522
128.226394
126.850967
125.956520
124.537261
123.673156
122.101005
121.526580
120.240814
119.223007
117.822296
117.231430
116.036132
115.439102
114.113571
112.949623
112.126152
111.429458
110.052307
109.835975
108.365654
108.320465
106.246551
107.273635
103.949646
102.781112
104.027801
102.000167
101.979782
100.925872
100.382186
99.393791
98.457496
97.908996
96.990951
96.453819
95.709556
95.217559
94.335235
93.873207
92.891876
92.449584
91.705215
90.732658
90.258956
90.018699
89.152999
89.023971
87.280181
87.224914
86.786224
85.982551
85.505279
85.028839
84.396698
83.627601
83.363037
82.692466
82.155075
81.504486
81.087570
80.667289
80.247268
79.418579
79.209770
78.654624
78.486175
77.339904
77.598373
76.000610
76.755889
74.808334
73.878997
75.518997
73.770423
74.336410
73.527084
73.359024
72.483596
72.587692
71.894477
71.368225
70.771087
71.020576
70.894493
69.723297
69.178894
68.738830
68.569915
68.597084
68.149932
67.618087
67.106643
67.020126
66.505508
66.456802
65.461654
65.786048
65.074684
64.609527
64.354019
64.108642
63.688556
63.289985
63.021369
62.788047
62.344497
62.071739
61.628303
61.609046
61.223548
61.027584
60.324783
60.469650
59.822166
59.497699
59.752483
59.164173
58.921142
58.510131
58.532081
58.133567
57.575553
57.478744
57.182067
57.005840
56.508571
56.129241
55.816619
54.389678
419269152.000000
57.981407
56.607727
56.065238
55.885921
55.700119
55.317203
55.177803
54.738746
54.637046
54.474433
54.172859
53.990436
53.830291
53.552772
53.174304
53.219718
52.907779
52.736183
52.446769
52.344421
52.190643
52.149250
51.537063
50.815853
51.656707
51.117744
50.859481
50.839721
50.552528
50.466224
50.439853
50.108871
50.214042
49.739913
49.772033
49.434066
49.328197
49.084640
48.987014
48.756092
48.663650
48.579814
48.299785
47.877529
48.730499
48.048702
48.084957
47.900947
47.479213
47.445724
47.408748
47.214965
47.233028
46.993656
46.853836
46.780052
46.173992
46.597476
46.369880
46.143714
46.025978
45.955925
45.758804
45.580707
45.467926
45.445384
45.245967
45.065986
45.039848
45.061012
44.781330
44.143398
44.614810
44.435852
44.370246
44.470806
44.102684
43.977024
44.029491
43.557403
43.336605
44.038883
43.746803
43.650482
43.435916
43.227283
43.079189
43.201774
42.899982
43.431091
42.675697
42.744152
42.702487
42.771698
42.637481
42.462390
42.380451
42.216529
42.210849
42.172996
42.143470
42.111694
42.060485
41.787605
41.491828
42.135334
41.689323
41.434692
41.532096
41.273887
41.535842
41.049453
41.343482
41.002296
41.472255
40.131301
38.827953
41.553920
40.646690
41.126110
40.793354
40.884071
40.844894
40.710750
40.629219
40.541023
40.512504
40.431808
40.461338
40.195014
40.114715
40.326156
40.265014
39.978065
40.511356
39.995330
39.973934
39.567218
40.665187
39.710758
40.074405
39.745246
39.698886
39.505828
39.764862
39.646396
39.522106
39.546264
39.589790
39.325603
39.410118
39.250122
39.330635
39.176647
39.279998
39.100696
39.146457
38.998870
39.227096
39.183898
39.375820
40.717784
40.722133
38.116851
38.912082
38.753887
38.864032
38.647800
38.984565
38.715293
38.949562
38.703475
38.796581
38.771053
38.763759
38.551517
38.911930
39.001106
38.779605
39.013011
38.636787
38.725070
38.781597
38.825939
38.860862
38.859146
38.991546
38.782436
38.907463
38.945018
38.837310
38.912727
