800
800
800
800
801
802
803
804
805
807
808
810
812
814
817
819
822
825
828
831
834
838
841
845
849
854
858
863
867
872
877
883
888
894
899
905
911
918
924
931
938
945
952
959
966
974
982
990
998
1006
1015
1023
1032
1041
1050
1059
1069
1079
1088
1098
1108
1119
1129
1140
1150
1161
1172
1184
1195
1206
1218
1230
1242
1254
1266
1279
1292
1304
1317
1330
1344
1357
1371
1384
1398
1412
1426
1441
1455
1470
1485
1499
1515
1530
1545
1561
1576
1592
1608
1624
1640
1657
1673
1690
1706
1723
1740
1758
1775
1792
1810
1828
1846
1864
1882
1900
1918
1937
1956
1974
1993
2012
2032
2051
2070
2090
2110
2129
2149
2169
2190
2210
2230
2251
2271
2292
2313
2334
2355
2376
2398
2419
2441
2463
2484
2506
2528
2550
2573
2595
2617
2640
2663
2685
2708
2731
2754
2777
2801
2824
2848
2871
2895
2919
2942
2966
2990
3014
3039
3063
3087
3112
3136
3161
3186
3210
3235
3260
3285
3311
3336
3361
3386
3412
3437
3463
3489
3514
3540
3566
3592
3618
3644
3670
3696
3723
3749
3775
3802
3828
3855
3882
3908
3935
3962
3989
4016
4043
4070
4097
4124
4151
4178
4206
4233
4260
4288
4315
4342
4370
4398
4425
4453
4480
4508
4536
4564
4591
4619
4647
4675
4703
4731
4759
4787
4815
4843
4871
4899
4927
4955
4983
5011
5040
5068
5096
5124
5152
5181
5209
5237
5265
5294
5322
5350
5378
5407
5435
5463
5491
5520
5548
5576
5604
5632
5661
5689
5717
5745
5773
5802
5830
5858
5886
5914
5942
5970
5998
6026
6054
6082
6110
6138
6166
6194
6221
6249
6277
6305
6332
6360
6388
6415
6443
6470
6498
6525
6553
6580
6607
6634
6662
6689
6716
6743
6770
6797
6824
6851
6877
6904
6931
6957
6984
7010
7037
7063
7089
7116
7142
7168
7194
7220
7246
7272
7298
7323
7349
7374
7400
7425
7451
7476
7501
7526
7551
7576
7601
7626
7650
7675
7700
7724
7748
7773
7797
7821
7845
7869
7892
7916
7940
7963
7987
8010
8033
8056
8079
8102
8125
8148
8170
8193
8215
8237
8260
8282
8304
8326
8347
8369
8390
8412
8433
8454
8475
8496
8517
8538
8558
8579
8599
8620
8640
8660
8680
8699
8719
8738
8758
8777
8796
8815
8834
8853
8871
8890
8908
8926
8944
8962
8980
8998
9015
9033
9050
9067
9084
9101
9118
9134
9151
9167
9183
9199
9215
9231
9246
9262
9277
9292
9307
9322
9337
9351
9365
9380
9394
9408
9421
9435
9449
9462
9475
9488
9501
9514
9526
9539
9551
9563
9575
9587
9598
9610
9621
9632
9643
9654
9665
9675
9686
9696
9706
9716
9725
9735
9744
9753
9762
9771
9780
9789
9797
9805
9813
9821
9829
9836
9844
9851
9858
9865
9871
9878
9884
9891
9897
9902
9908
9914
9919
9924
9929
9934
9939
9943
9948
9952
9956
9959
9963
9967
9970
9973
9976
9979
9981
9984
9986
9988
9990
9992
9993
9995
9996
9997
9998
9998
9999
9999
9999
9999
9999
9999
9998
9998
9997
9996
9995
9993
9992
9990
9988
9986
9984
9981
9979
9976
9973
9970
9967
9963
9959
9956
9952
9948
9943
9939
9934
9929
9924
9919
9914
9908
9902
9897
9891
9884
9878
9871
9865
9858
9851
9844
9836
9829
9821
9813
9805
9797
9789
9780
9771
9762
9753
9744
9735
9725
9716
9706
9696
9686
9675
9665
9654
9643
9632
9621
9610
9598
9587
9575
9563
9551
9539
9526
9514
9501
9488
9475
9462
9449
9435
9421
9408
9394
9380
9365
9351
9337
9322
9307
9292
9277
9262
9246
9231
9215
9199
9183
9167
9151
9134
9118
9101
9084
9067
9050
9033
9015
8998
8980
8962
8944
8926
8908
8890
8871
8853
8834
8815
8796
8777
8758
8738
8719
8699
8680
8660
8640
8620
8599
8579
8558
8538
8517
8496
8475
8454
8433
8412
8390
8369
8347
8326
8304
8282
8260
8237
8215
8193
8170
8148
8125
8102
8079
8056
8033
8010
7987
7963
7940
7916
7892
7869
7845
7821
7797
7773
7748
7724
7700
7675
7650
7626
7601
7576
7551
7526
7501
7476
7451
7425
7400
7374
7349
7323
7298
7272
7246
7220
7194
7168
7142
7116
7089
7063
7037
7010
6984
6957
6931
6904
6877
6851
6824
6797
6770
6743
6716
6689
6662
6634
6607
6580
6553
6525
6498
6470
6443
6415
6388
6360
6332
6305
6277
6249
6221
6194
6166
6138
6110
6082
6054
6026
5998
5970
5942
5914
5886
5858
5830
5802
5773
5745
5717
5689
5661
5632
5604
5576
5548
5520
5491
5463
5435
5407
5378
5350
5322
5294
5265
5237
5209
5181
5152
5124
5096
5068
5040
5011
4983
4955
4927
4899
4871
4843
4815
4787
4759
4731
4703
4675
4647
4619
4591
4564
4536
4508
4480
4453
4425
4398
4370
4342
4315
4288
4260
4233
4206
4178
4151
4124
4097
4070
4043
4016
3989
3962
3935
3908
3882
3855
3828
3802
3775
3749
3723
3696
3670
3644
3618
3592
3566
3540
3514
3489
3463
3437
3412
3386
3361
3336
3311
3285
3260
3235
3210
3186
3161
3136
3112
3087
3063
3039
3014
2990
2966
2942
2919
2895
2871
2848
2824
2801
2777
2754
2731
2708
2685
2663
2640
2617
2595
2573
2550
2528
2506
2484
2463
2441
2419
2398
2376
2355
2334
2313
2292
2271
2251
2230
2210
2190
2169
2149
2129
2110
2090
2070
2051
2032
2012
1993
1974
1956
1937
1918
1900
1882
1864
1846
1828
1810
1792
1775
1758
1740
1723
1706
1690
1673
1657
1640
1624
1608
1592
1576
1561
1545
1530
1515
1499
1485
1470
1455
1441
1426
1412
1398
1384
1371
1357
1344
1330
1317
1304
1292
1279
1266
1254
1242
1230
1218
1206
1195
1184
1172
1161
1150
1140
1129
1119
1108
1098
1088
1079
1069
1059
1050
1041
1032
1023
1015
1006
998
990
982
974
966
959
952
945
938
931
924
918
911
905
899
894
888
883
877
872
867
863
858
854
849
845
841
838
834
831
828
825
822
819
817
814
812
810
808
807
805
804
803
802
801
800
800
800
800
