0
0
0
0
1
2
3
4
6
7
9
11
13
15
18
21
24
27
30
34
37
41
45
49
54
58
63
68
73
79
84
90
96
102
108
115
121
128
135
142
150
157
165
173
181
189
198
206
215
224
233
243
252
262
272
282
292
303
313
324
335
346
358
369
381
393
405
417
429
442
455
467
480
494
507
521
534
548
562
577
591
606
620
635
650
666
681
696
712
728
744
760
777
793
810
827
844
861
878
896
913
931
949
967
985
1004
1022
1041
1060
1079
1098
1117
1137
1156
1176
1196
1216
1236
1256
1277
1297
1318
1339
1360
1381
1402
1423
1445
1467
1488
1510
1532
1555
1577
1599
1622
1645
1668
1691
1714
1737
1760
1784
1807
1831
1855
1879
1903
1927
1951
1976
2000
2025
2049
2074
2099
2124
2149
2175
2200
2226
2251
2277
2303
2329
2355
2381
2407
2433
2460
2486
2513
2540
2566
2593
2620
2647
2674
2702
2729
2756
2784
2811
2839
2867
2895
2922
2950
2978
3007
3035
3063
3091
3120
3148
3177
3206
3234
3263
3292
3321
3350
3379
3408
3437
3466
3495
3525
3554
3583
3613
3642
3672
3702
3731
3761
3791
3821
3851
3880
3910
3940
3970
4001
4031
4061
4091
4121
4151
4182
4212
4242
4273
4303
4334
4364
4394
4425
4455
4486
4517
4547
4578
4608
4639
4670
4700
4731
4762
4792
4823
4854
4884
4915
4946
4976
5007
5038
5069
5099
5130
5161
5191
5222
5253
5283
5314
5345
5375
5406
5437
5467
5498
5528
5559
5589
5620
5650
5681
5711
5741
5772
5802
5832
5863
5893
5923
5953
5983
6014
6044
6074
6104
6133
6163
6193
6223
6253
6282
6312
6342
6371
6401
6430
6460
6489
6518
6548
6577
6606
6635
6664
6693
6722
6750
6779
6808
6836
6865
6893
6922
6950
6978
7007
7035
7063
7091
7118
7146
7174
7201
7229
7256
7284
7311
7338
7365
7392
7419
7446
7473
7500
7526
7553
7579
7605
7631
7657
7683
7709
7735
7761
7786
7812
7837
7862
7887
7912
7937
7962
7987
8011
8036
8060
8084
8108
8132
8156
8180
8204
8227
8251
8274
8297
8320
8343
8366
8388
8411
8433
8455
8478
8500
8521
8543
8565
8586
8608
8629
8650
8671
8692
8712
8733
8753
8773
8793
8813
8833
8853
8872
8892
8911
8930
8949
8967
8986
9005
9023
9041
9059
9077
9095
9112
9129
9147
9164
9181
9197
9214
9230
9247
9263
9279
9295
9310
9326
9341
9356
9371
9386
9401
9415
9430
9444
9458
9471
9485
9499
9512
9525
9538
9551
9563
9576
9588
9600
9612
9624
9636
9647
9658
9669
9680
9691
9701
9712
9722
9732
9742
9751
9761
9770
9779
9788
9797
9806
9814
9822
9830
9838
9846
9853
9860
9867
9874
9881
9888
9894
9900
9906
9912
9918
9923
9928
9933
9938
9943
9948
9952
9956
9960
9964
9967
9971
9974
9977
9980
9982
9985
9987
9989
9991
9993
9994
9996
9997
9998
9998
9999
9999
9999
9999
9999
9999
9998
9998
9997
9996
9994
9993
9991
9989
9987
9985
9982
9980
9977
9974
9971
9967
9964
9960
9956
9952
9948
9943
9938
9933
9928
9923
9918
9912
9906
9900
9894
9888
9881
9874
9867
9860
9853
9846
9838
9830
9822
9814
9806
9797
9788
9779
9770
9761
9751
9742
9732
9722
9712
9701
9691
9680
9669
9658
9647
9636
9624
9612
9600
9588
9576
9563
9551
9538
9525
9512
9499
9485
9471
9458
9444
9430
9415
9401
9386
9371
9356
9341
9326
9310
9295
9279
9263
9247
9230
9214
9197
9181
9164
9147
9129
9112
9095
9077
9059
9041
9023
9005
8986
8967
8949
8930
8911
8892
8872
8853
8833
8813
8793
8773
8753
8733
8712
8692
8671
8650
8629
8608
8586
8565
8543
8521
8500
8478
8455
8433
8411
8388
8366
8343
8320
8297
8274
8251
8227
8204
8180
8156
8132
8108
8084
8060
8036
8011
7987
7962
7937
7912
7887
7862
7837
7812
7786
7761
7735
7709
7683
7657
7631
7605
7579
7553
7526
7500
7473
7446
7419
7392
7365
7338
7311
7284
7256
7229
7201
7174
7146
7118
7091
7063
7035
7007
6978
6950
6922
6893
6865
6836
6808
6779
6750
6722
6693
6664
6635
6606
6577
6548
6518
6489
6460
6430
6401
6371
6342
6312
6282
6253
6223
6193
6163
6133
6104
6074
6044
6014
5983
5953
5923
5893
5863
5832
5802
5772
5741
5711
5681
5650
5620
5589
5559
5528
5498
5467
5437
5406
5375
5345
5314
5283
5253
5222
5191
5161
5130
5099
5069
5038
5007
4976
4946
4915
4884
4854
4823
4792
4762
4731
4700
4670
4639
4608
4578
4547
4517
4486
4455
4425
4394
4364
4334
4303
4273
4242
4212
4182
4151
4121
4091
4061
4031
4001
3970
3940
3910
3880
3851
3821
3791
3761
3731
3702
3672
3642
3613
3583
3554
3525
3495
3466
3437
3408
3379
3350
3321
3292
3263
3234
3206
3177
3148
3120
3091
3063
3035
3007
2978
2950
2922
2895
2867
2839
2811
2784
2756
2729
2702
2674
2647
2620
2593
2566
2540
2513
2486
2460
2433
2407
2381
2355
2329
2303
2277
2251
2226
2200
2175
2149
2124
2099
2074
2049
2025
2000
1976
1951
1927
1903
1879
1855
1831
1807
1784
1760
1737
1714
1691
1668
1645
1622
1599
1577
1555
1532
1510
1488
1467
1445
1423
1402
1381
1360
1339
1318
1297
1277
1256
1236
1216
1196
1176
1156
1137
1117
1098
1079
1060
1041
1022
1004
985
967
949
931
913
896
878
861
844
827
810
793
777
760
744
728
712
696
681
666
650
635
620
606
591
577
562
548
534
521
507
494
480
467
455
442
429
417
405
393
381
369
358
346
335
324
313
303
292
282
272
262
252
243
233
224
215
206
198
189
181
173
165
157
150
142
135
128
121
115
108
102
96
90
84
79
73
68
63
58
54
49
45
41
37
34
30
27
24
21
18
15
13
11
9
7
6
4
3
2
1
0
0
0
0
