4.615859
1.263361
0.571420
0.141405
0.395529
0.036802
0.172039
0.205010
0.006431
0.390383
0.148269
0.063964
0.219398
0.063575
-0.208442
-0.040252
-0.129688
-0.270822
-0.402562
-0.570970
-0.506466
-0.524579
-0.615053
-0.744527
-0.589084
-0.600813
-0.533742
-0.727060
-0.980574
-0.848809
4.527052
1.496874
0.895610
0.269970
0.324948
0.077790
0.211278
0.129691
0.131129
-0.201303
-0.040309
0.199361
0.019016
-0.333755
-0.008045
0.048072
0.020155
-0.269385
-0.295172
-0.614700
-0.621221
-0.586965
-0.543258
-0.747463
-0.647480
-0.564783
-0.508798
-0.711800
-0.882354
-0.774161
4.678185
1.152489
0.722563
0.393308
-0.120910
0.127103
-0.045875
-0.180642
-0.083053
0.453115
0.476801
0.029328
-0.084958
-0.119696
-0.115343
-0.086575
-0.138296
-0.119928
-0.343916
-0.436514
-0.269929
-0.616145
-0.649871
-0.679552
-0.504510
-0.426417
-0.435500
-0.924828
-0.964890
-0.685530
4.683610
1.127104
1.174888
0.371087
-0.216867
-0.104758
-0.150441
0.065241
0.218107
-0.034154
0.222711
0.249563
-0.116725
-0.443061
-0.451940
-0.102784
-0.280979
0.025359
-0.323292
-0.480894
-0.453664
-0.396039
-0.527004
-0.679345
-0.337970
-0.452983
-0.397780
-0.660864
-0.829830
-0.696287
4.600216
1.402371
0.798160
0.447514
0.422171
-0.127221
0.155197
0.231176
0.091821
0.336318
0.004004
-0.055898
-0.320387
-0.445414
-0.179837
-0.239726
-0.304382
-0.145878
-0.215862
-0.396123
-0.660880
-0.508748
-0.477087
-0.528401
-0.499263
-0.403439
-0.534005
-0.757799
-0.965918
-0.722671
4.577573
1.253415
0.799602
0.220777
0.302578
0.293934
0.018463
-0.033374
0.193733
0.572276
0.203986
0.155236
0.004487
-0.135392
-0.245934
-0.207306
-0.200565
-0.253046
-0.466505
-0.487106
-0.586922
-0.632591
-0.751106
-0.773409
-0.587921
-0.461001
-0.431218
-0.788068
-0.863919
-0.690676
4.550312
1.196156
1.107661
0.330364
-0.175080
0.156459
-0.446265
-0.128833
0.034020
0.380568
0.463422
0.616541
-0.194548
-0.337609
-0.060555
-0.134803
-0.419880
-0.437466
-0.226154
-0.261729
-0.472226
-0.619079
-0.750848
-0.685556
-0.437724
-0.352435
-0.448994
-0.755586
-0.835807
-0.654318
4.625262
1.377352
0.739198
0.444636
0.028987
-0.099166
0.253577
0.264211
-0.048552
0.257073
0.267808
0.156594
-0.057638
-0.520830
-0.123159
-0.172132
-0.265973
-0.269286
-0.635942
-0.575991
-0.477317
-0.612024
-0.567640
-0.529299
-0.343922
-0.483678
-0.335542
-0.791522
-0.872291
-0.632786
4.740370
1.050965
0.973977
0.039377
-0.297794
0.277070
-0.221919
0.196431
0.107068
0.304969
-0.001112
-0.066345
-0.144001
-0.244645
-0.035532
-0.017144
-0.179730
-0.039251
-0.098100
-0.381254
-0.527541
-0.524814
-0.449837
-0.672828
-0.617769
-0.476717
-0.335247
-0.715483
-0.978250
-0.664906
4.395943
1.653069
0.762588
0.245269
0.060207
0.330649
0.137525
0.168831
-0.082969
0.487865
0.590969
0.370462
-0.126752
-0.356912
-0.059607
-0.431092
-0.408632
-0.395295
-0.471596
-0.722549
-0.858080
-0.626049
-0.429070
-0.593828
-0.612565
-0.443900
-0.414537
-0.713939
-0.850931
-0.605066
4.379900
1.575367
0.953934
-0.050300
0.140022
0.439086
0.479781
0.151820
0.244681
0.212469
0.289276
0.365321
-0.524189
-0.466174
-0.114439
0.049588
-0.235107
-0.360227
-0.303684
-0.511467
-0.766198
-0.577935
-0.678927
-0.757106
-0.587986
-0.553031
-0.580744
-0.674809
-0.815697
-0.723217
4.635480
1.047531
1.013220
0.502112
0.268593
0.036053
0.234474
0.281273
0.132823
0.254570
-0.050563
0.192989
-0.228378
-0.221123
-0.441790
-0.240310
-0.082323
-0.613551
-0.435552
-0.501630
-0.577147
-0.330873
-0.500556
-0.777109
-0.368545
-0.428792
-0.548807
-0.713601
-0.862376
-0.676083
4.643240
1.219923
0.713771
0.459196
0.494014
0.159677
0.222197
-0.068741
0.045363
0.355592
0.102637
-0.343756
-0.382269
-0.186293
0.024125
-0.170488
-0.229506
-0.224892
-0.320588
-0.344527
-0.529406
-0.632429
-0.532389
-0.721548
-0.257924
-0.574965
-0.457998
-0.805343
-0.871134
-0.785543
4.552895
1.655044
0.905344
0.458102
0.117887
0.131822
-0.052359
-0.002544
0.128498
0.306458
-0.022045
-0.193809
-0.223267
-0.231334
-0.183252
-0.142784
-0.278530
-0.215279
-0.283146
-0.566987
-0.502886
-0.547526
-0.551398
-0.529291
-0.361864
-0.486555
-0.550924
-0.780675
-0.872079
-0.677516
4.345891
1.596879
1.117490
0.261868
0.436206
0.395441
0.128839
0.449675
0.327310
0.149625
-0.078034
0.009354
-0.244404
-0.270913
-0.286626
-0.081847
-0.352850
-0.386969
-0.410943
-0.489734
-0.540749
-0.520997
-0.674349
-0.810848
-0.553277
-0.543881
-0.455568
-0.781329
-1.005726
-0.729532
4.538366
1.397816
1.127267
0.418895
0.212307
0.049472
0.096325
-0.083625
0.163323
0.189684
0.162731
0.126428
-0.027356
0.040226
-0.418408
-0.175994
-0.473886
-0.476231
-0.517436
-0.504263
-0.482830
-0.620060
-0.552970
-0.592698
-0.342167
-0.528138
-0.384358
-0.785726
-0.828408
-0.728289
4.574038
1.337245
0.556490
0.497142
0.305390
0.443645
0.177443
0.417083
0.259439
-0.070291
0.141319
-0.047976
-0.334168
-0.267913
-0.129746
-0.321863
-0.321259
-0.090013
-0.257920
-0.575563
-0.527973
-0.575227
-0.409372
-0.642259
-0.386346
-0.495979
-0.551720
-0.869897
-0.953186
-0.880555
4.510824
1.440646
1.170156
0.236732
0.286156
0.061811
0.125503
0.009834
-0.051009
0.399002
0.269629
0.038292
-0.347620
-0.325176
-0.023371
-0.226355
-0.672894
-0.350763
-0.250878
-0.557870
-0.432908
-0.570688
-0.603722
-0.697513
-0.382484
-0.503352
-0.286576
-0.664499
-0.892477
-0.708439
4.622095
1.338058
0.928995
0.016317
0.145001
0.100263
-0.270663
0.115569
-0.095680
0.398777
0.211214
0.248350
-0.210191
-0.071000
-0.211835
0.024558
0.010076
-0.304250
-0.676514
-0.614588
-0.548122
-0.563399
-0.459423
-0.693605
-0.304607
-0.488941
-0.319366
-0.743481
-0.884286
-0.699322
4.538647
1.300508
1.397205
0.166343
0.064972
-0.159159
-0.202240
-0.166817
0.190394
0.440374
0.255856
-0.090532
-0.258009
0.097883
-0.089638
-0.094513
-0.338312
-0.300333
-0.357508
-0.448364
-0.549023
-0.616643
-0.547258
-0.670021
-0.467591
-0.494071
-0.393486
-0.609356
-0.837655
-0.761647
4.529275
1.380286
0.988458
0.073103
-0.015816
0.187135
0.395517
-0.716591
0.286948
0.081977
0.237961
0.271379
0.007506
-0.623041
-0.222407
0.122843
-0.131952
-0.044700
-0.399519
-0.526108
-0.529985
-0.617508
-0.639418
-0.535712
-0.447840
-0.424791
-0.305976
-0.690769
-0.960478
-0.729774
3.326724
2.108267
2.065561
1.109835
0.576052
0.498739
0.346518
0.246204
-0.002252
-0.005201
0.112774
0.141026
-0.282417
-0.356891
-0.274668
-0.275856
-0.298003
-0.305905
-0.585559
-0.621888
-0.754536
-0.880854
-0.669814
-0.738978
-0.532679
-0.539431
-0.608539
-0.951529
-1.045138
-0.801562
3.212762
2.021733
1.971442
1.238934
1.064704
0.690225
0.156265
0.366827
0.267744
0.226977
0.069865
-0.300662
-0.317674
-0.533335
-0.536759
-0.433673
-0.322435
-0.458799
-0.634493
-0.631878
-0.696847
-0.682963
-0.821012
-0.778364
-0.551639
-0.577266
-0.526378
-0.796758
-0.854338
-0.832195
3.805488
2.413088
1.440530
0.799543
0.381379
0.109119
0.219091
0.258971
0.180390
0.194178
0.036087
-0.225676
-0.303743
-0.482071
-0.397895
-0.386059
-0.346331
-0.354697
-0.449924
-0.640129
-0.659412
-0.544758
-0.600623
-0.626820
-0.445104
-0.507075
-0.481944
-0.821513
-0.894257
-0.669823
4.062725
2.377408
1.171360
0.401970
0.465563
0.025303
-0.086346
0.107489
0.266294
0.071028
-0.215664
0.142544
-0.192485
-0.142237
-0.321778
-0.215883
-0.488709
-0.435174
-0.549485
-0.717383
-0.472270
-0.575239
-0.660882
-0.697714
-0.357024
-0.445111
-0.376164
-0.708600
-0.754709
-0.678823
4.570785
1.454904
0.953268
0.168681
0.426542
0.495663
0.158232
0.315366
-0.089191
-0.208788
-0.065484
0.130703
-0.342471
-0.298316
-0.562875
-0.310632
-0.293354
-0.302667
-0.322122
-0.403378
-0.363434
-0.421461
-0.559530
-0.601074
-0.567169
-0.543561
-0.157227
-0.759719
-0.882408
-0.619291
4.496240
1.219996
1.473635
0.318930
0.093146
0.199466
0.207638
0.092725
0.002513
-0.194491
0.273284
0.148843
-0.370005
-0.472505
-0.179159
-0.054835
-0.286567
-0.313696
-0.246910
-0.407569
-0.463808
-0.566771
-0.543560
-0.657559
-0.270240
-0.462861
-0.517874
-1.002992
-0.831949
-0.683057
4.650473
1.289022
1.141549
0.217475
0.142572
-0.166279
0.009022
0.229346
0.080856
0.235252
0.118341
0.065292
-0.295636
-0.199892
-0.143854
-0.406797
-0.365782
-0.391913
-0.284535
-0.334713
-0.415163
-0.500593
-0.607255
-0.743237
-0.274321
-0.401880
-0.471421
-0.739337
-0.767017
-0.669572
4.486886
1.636487
1.248587
0.458580
0.095494
-0.144971
-0.463818
-0.490576
0.246772
0.438790
0.013925
-0.164682
-0.091379
-0.230301
-0.290406
-0.363340
-0.390581
-0.202621
-0.326129
-0.254515
-0.370783
-0.309889
-0.531350
-0.581270
-0.374452
-0.409772
-0.457413
-0.764883
-0.876206
-0.536183
4.556717
1.487118
1.015959
0.465550
-0.219996
-0.088554
-0.331549
0.172059
0.301701
0.234429
-0.004868
0.077999
-0.362853
-0.084542
0.049524
-0.046758
-0.195944
-0.214334
-0.281567
-0.654628
-0.659995
-0.614723
-0.493049
-0.494193
-0.455494
-0.430130
-0.382566
-0.719021
-0.894946
-0.731335
4.644194
1.401643
0.932442
0.116984
0.393372
0.390474
0.139442
-0.011794
-0.153093
0.182773
0.230772
-0.080560
-0.292312
-0.676960
-0.348451
-0.233825
-0.185347
-0.434158
-0.403194
-0.323090
-0.684649
-0.524317
-0.530106
-0.584364
-0.336314
-0.413445
-0.405359
-0.647222
-0.682710
-0.480827
4.647692
1.213249
1.325554
0.377183
-0.250273
0.201837
0.207906
-0.172019
-0.098569
-0.046555
-0.199677
-0.060031
-0.179914
-0.219112
-0.328455
-0.215246
0.069986
-0.207748
-0.356193
-0.193452
-0.348152
-0.699880
-0.612565
-0.528894
-0.441773
-0.445780
-0.233853
-0.735693
-0.816917
-0.652651
